6.273221e+00
6.247937e+00
6.198372e+00
6.123407e+00
6.014515e+00
5.793930e+00
5.023685e+00
3.325113e+00
1.904704e+00
1.191284e+00
8.298975e-01
6.202341e-01
4.844011e-01
3.891347e-01
3.182414e-01
2.629844e-01
2.182730e-01
1.808829e-01
1.487871e-01
1.205277e-01
9.507926e-02
7.167560e-02
4.971934e-02
2.872226e-02
8.263778e-03
-1.204032e-02
-3.256394e-02
-5.369529e-02
-7.586352e-02
-9.957108e-02
-1.254373e-01
-1.542614e-01
-1.871190e-01
-2.255175e-01
-2.716868e-01
-3.289385e-01
-4.027468e-01
-5.023885e-01
-6.449996e-01
-8.651795e-01
-1.240208e+00
-1.952270e+00
-3.295340e+00
-4.894095e+00
-5.721908e+00
-5.998345e+00
-6.120895e+00
-6.198044e+00
-6.247853e+00
-6.272651e+00
-6.272654e+00
-6.247896e+00
-6.198481e+00
-6.124603e+00
-6.026554e+00
-5.904718e+00
-5.759559e+00
-5.591519e+00
-5.400822e+00
-5.188789e+00
-4.957623e+00
-4.707041e+00
-4.437527e+00
-4.150313e+00
-3.846640e+00
-3.527749e+00
-3.194916e+00
-2.849464e+00
-2.492759e+00
-2.126213e+00
-1.751273e+00
-1.369419e+00
-9.821598e-01
-5.910230e-01
-1.975526e-01
1.966983e-01
5.901738e-01
9.813211e-01
1.368596e+00
1.750472e+00
2.125440e+00
2.492023e+00
2.848773e+00
3.194285e+00
3.527196e+00
3.846198e+00
4.150040e+00
4.437541e+00
4.707608e+00
4.959284e+00
5.191744e+00
5.403567e+00
5.592716e+00
5.759815e+00
5.904773e+00
6.026579e+00
6.124620e+00
6.198493e+00
6.247904e+00
