-1.43332e-07 
-1.28416e-07 
1.25004e-07 
2.11363e-07 
2.62829e-07 
4.1676e-07 
1.51492e-06 
1.09835e-05 
8.52435e-05 
0.000460108 
0.00130703 
0.00234462 
0.00343446 
0.00464391 
0.006046 
0.00763369 
0.00932337 
0.0109979 
0.0125514 
0.0139156 
0.0150645 
0.016004 
0.0167555 
0.0173415 
0.0177763 
0.0180634 
0.0181974 
0.0181693 
0.0179707 
0.0175952 
0.017041 
0.0163108 
0.0154099 
0.0143452 
0.0131235 
0.0117674 
0.0102813 
0.00867514 
0.00696996 
0.0051982 
0.0034173 
0.00175216 
0.000510463 
5.44162e-05 
3.07434e-06 
3.73835e-07 
2.25437e-07 
1.57685e-07 
8.439e-08 
6.95331e-08 
1.40981e-08 
-1.15e-08 
-7.59498e-08 
-1.81204e-07 
-2.38061e-07 
-3.36418e-07 
-4.12109e-07 
-4.71057e-07 
-5.1127e-07 
-5.37101e-07 
-5.58407e-07 
-5.84982e-07 
-6.21724e-07 
-6.67261e-07 
-7.16707e-07 
-7.64951e-07 
-8.08491e-07 
-8.45864e-07 
-8.77218e-07 
-9.03554e-07 
-9.26026e-07 
-9.45465e-07 
-9.62203e-07 
-9.76131e-07 
-9.86893e-07 
-9.94002e-07 
-9.97154e-07 
-9.96137e-07 
-9.909e-07 
-9.81516e-07 
-9.68126e-07 
-9.50892e-07 
-9.29958e-07 
-9.05439e-07 
-8.77429e-07 
-8.45931e-07 
-8.10872e-07 
-7.72332e-07 
-7.30387e-07 
-6.8504e-07 
-6.3611e-07 
-5.82853e-07 
-5.23007e-07 
-4.48291e-07 
-3.69321e-07 
-2.83926e-07 
-2.10588e-07 
-1.37662e-07 
-8.82602e-08 
-4.0185e-08 
-3.70177e-09 
