I am IN 
1		0		0		0		0		-100		0		0		0		0		0		0		0		0		0		0		

0		1		0		0		0		0		-100		0		0		0		0		0		0		0		0		0		

0		0		1		0		0		0		0		-100		0		0		0		0		0		0		0		0		

0		0		0		1		0		0		0		0		-100		0		0		0		0		0		0		0		

0		0		0		0		1		0		0		0		0		-100		0		0		0		0		0		0		

0		0		0		0		0		1		0		0		0		0		-1		1		0		0		0		0		

0		0		0		0		0		0		1		0		0		0		0		0		-1		0		0		0		

0		0		0		0		0		0		0		1		0		0		0		1		0		-1		0		0		

0		0		0		0		0		0		0		0		1		0		0		0		1		0		-1		0		

0		0		0		0		0.000253		0		0		0		0		0		-1		1		0		0		0		0		

1e-06		0		0		0		0		0		0		0		0		1		0		0		0		0		0		1		

-1e-06		0		-2e-12		0		0		0		0		0		0		-1		0		0.050001		0		-0.05		-1e-06		0		

0		1e-06		0		-2e-12		0		0		0		0		0		0		0		0		0.050001		0		-0.05		0		

0		0		2e-12		0		0		0		0		0		0		0		0		-0.05		0		0.050001		0		0		

0		0		0		2e-12		0		0		0		0		0		0		0		-1e-06		-0.05		0		0.050001		0		

0		0		0		0		0		0		0		0		0		0		1		0		0		0		0		0		

990
990
990
990
990
-10
-0
-10
-10
-0.00253
-20
10
-2e-05
-1e-05
-2e-11
-9

delta
-9.99999
-9.01963
-10.002
-9.99806
-9.9998
-10
-9.9902
-10
-9.99998
-10
-9
-9
-9.9902
-9.00002
-9.99018
-10
cur fi1 10	new 10 + -9 == 1
STEP == 1
TIME STEP == 0
1		0		0		0		0		-100		0		0		0		0		0		0		0		0		0		0		

0		1		0		0		0		0		-100		0		0		0		0		0		0		0		0		0		

0		0		1		0		0		0		0		-100		0		0		0		0		0		0		0		0		

0		0		0		1		0		0		0		0		-100		0		0		0		0		0		0		0		

0		0		0		0		1		0		0		0		0		-100		0		0		0		0		0		0		

0		0		0		0		0		1		0		0		0		0		-1		1		0		0		0		0		

0		0		0		0		0		0		1		0		0		0		0		0		-1		0		0		0		

0		0		0		0		0		0		0		1		0		0		0		1		0		-1		0		0		

0		0		0		0		0		0		0		0		1		0		0		0		1		0		-1		0		

0		0		0		0		0.000253		0		0		0		0		0		-1		1		0		0		0		0		

1e-06		0		0		0		0		0		0		0		0		1		0		0		0		0		0		1		

-1e-06		0		-2e-12		0		0		0		0		0		0		-1		0		0.0795748		0		-0.05		-1e-06		0		

0		1e-06		0		-2e-12		0		0		0		0		0		0		0		0		0.0206947		0		-0.05		0		

0		0		2e-12		0		0		0		0		0		0		0		0		-0.05		0		0.0204272		0		0		

0		0		0		2e-12		0		0		0		0		0		0		0		-1e-06		-0.05		0		0.0793073		0		

0		0		0		0		0		0		0		0		0		0		1		0		0		0		0		0		

-4.9738e-14
-4.26326e-14
-0
-0
4.9738e-14
-3.2081e-11
2.00906e-12
2.75617e-08
3.86057e-07
6.2596e-16
1.23327e-15
-4.98886e-12
7.88624e-16
7.06537e-16
-2.00004e-11
-6.56222e-11

delta
-3.18846e-09
1.1773e-07
2.74665e-06
3.8537e-05
7.80813e-10
-3.18841e-11
1.1773e-09
2.74665e-08
3.8537e-07
7.80763e-12
-6.56222e-11
-6.58191e-11
1.17529e-09
-1.61072e-10
4.88784e-10
-7.80321e-12
cur fi1 1	new 1 + -6.56222e-11 == 1
STEP == 2
TIME STEP == 0
I am IN 
1		0		0		0		0		-100		0		0		0		0		0		0		0		0		0		0		

0		1		0		0		0		0		-100		0		0		0		0		0		0		0		0		0		

0		0		1		0		0		0		0		-100		0		0		0		0		0		0		0		0		

0		0		0		1		0		0		0		0		-100		0		0		0		0		0		0		0		

0		0		0		0		1		0		0		0		0		-100		0		0		0		0		0		0		

0		0		0		0		0		1		0		0		0		0		-1		1		0		0		0		0		

0		0		0		0		0		0		1		0		0		0		0		0		-1		0		0		0		

0		0		0		0		0		0		0		1		0		0		0		1		0		-1		0		0		

0		0		0		0		0		0		0		0		1		0		0		0		1		0		-1		0		

0		0		0		0		0.000253		0		0		0		0		0		-1		1		0		0		0		0		

1e-06		0		0		0		0		0		0		0		0		1		0		0		0		0		0		1		

-1e-06		0		-2e-12		0		0		0		0		0		0		-1		0		0.050001		0		-0.05		-1e-06		0		

0		1e-06		0		-2e-12		0		0		0		0		0		0		0		0		0.050001		0		-0.05		0		

0		0		2e-12		0		0		0		0		0		0		0		0		-0.05		0		0.050001		0		0		

0		0		0		2e-12		0		0		0		0		0		0		0		-1e-06		-0.05		0		0.050001		0		

0		0		0		0		0		0		0		0		0		0		1		0		0		0		0		0		

-10
-10
-10
-10
-10
-10
-0
-10
-10
-0.00253
-20
10
-2e-05
-1e-05
-2e-11
-9

delta
-1035.3
-28.3793
-1010
-1010.02
-1009.9
-10.253
-0.183793
-10
-10.0002
-9.99898
-9
-8.74703
-0.183793
-8.74705
-0.183964
-9.99999
cur fi1 10	new 10 + -9 == 1
STEP == 1
TIME STEP == 0
1		0		0		0		0		-100		0		0		0		0		0		0		0		0		0		0		

0		1		0		0		0		0		-100		0		0		0		0		0		0		0		0		0		

0		0		1		0		0		0		0		-100		0		0		0		0		0		0		0		0		

0		0		0		1		0		0		0		0		-100		0		0		0		0		0		0		0		

0		0		0		0		1		0		0		0		0		-100		0		0		0		0		0		0		

0		0		0		0		0		1		0		0		0		0		-1		1		0		0		0		0		

0		0		0		0		0		0		1		0		0		0		0		0		-1		0		0		0		

0		0		0		0		0		0		0		1		0		0		0		1		0		-1		0		0		

0		0		0		0		0		0		0		0		1		0		0		0		1		0		-1		0		

0		0		0		0		0.000253		0		0		0		0		0		-1		1		0		0		0		0		

1e-06		0		0		0		0		0		0		0		0		1		0		0		0		0		0		1		

-1e-06		0		-2e-12		0		0		0		0		0		0		-1		0		0.0869935		0		-0.05		-1e-06		0		

0		1e-06		0		-2e-12		0		0		0		0		0		0		0		0		0.302455		0		-0.05		0		

0		0		2e-12		0		0		0		0		0		0		0		0		-0.05		0		0.0130085		0		0		

0		0		0		2e-12		0		0		0		0		0		0		0		-1e-06		-0.05		0		-0.202453		0		

0		0		0		0		0		0		0		0		0		0		1		0		0		0		0		0		

-0
4.61853e-14
-0
-0
-0
4.88143e-12
3.45857e-12
2.53385e-07
7.87615e-09
1.60982e-15
1.94354e-15
0.00102504
-6.54785e-15
9.267e-16
-2.50124e-11
1.92298e-10

delta
-0.00260028
2.66031e-10
0.00741967
7.87224e-07
-0.102778
-2.60028e-05
2.65984e-12
7.41967e-05
7.87224e-09
-0.00102778
1.92298e-10
2.6003e-05
-7.98723e-13
9.99462e-05
-4.6953e-12
0.00102778
cur fi1 1	new 1 + 1.92298e-10 == 1
STEP == 2
TIME STEP == 0
I am IN 
1		0		0		0		0		-100		0		0		0		0		0		0		0		0		0		0		

0		1		0		0		0		0		-100		0		0		0		0		0		0		0		0		0		

0		0		1		0		0		0		0		-100		0		0		0		0		0		0		0		0		

0		0		0		1		0		0		0		0		-100		0		0		0		0		0		0		0		

0		0		0		0		1		0		0		0		0		-100		0		0		0		0		0		0		

0		0		0		0		0		1		0		0		0		0		-1		1		0		0		0		0		

0		0		0		0		0		0		1		0		0		0		0		0		-1		0		0		0		

0		0		0		0		0		0		0		1		0		0		0		1		0		-1		0		0		

0		0		0		0		0		0		0		0		1		0		0		0		1		0		-1		0		

0		0		0		0		0.000253		0		0		0		0		0		-1		1		0		0		0		0		

1e-06		0		0		0		0		0		0		0		0		1		0		0		0		0		0		1		

-1e-06		0		-2e-12		0		0		0		0		0		0		-1		0		0.050001		0		-0.05		-1e-06		0		

0		1e-06		0		-2e-12		0		0		0		0		0		0		0		0		0.050001		0		-0.05		0		

0		0		2e-12		0		0		0		0		0		0		0		0		-0.05		0		0.050001		0		0		

0		0		0		2e-12		0		0		0		0		0		0		0		-1e-06		-0.05		0		0.050001		0		

0		0		0		0		0		0		0		0		0		0		1		0		0		0		0		0		

-10
-10
-10
-10
-10
-10
-0
-10
-10
-0.00253
-20
10
-2e-05
-1e-05
-2e-11
-9

delta
-1035.3
-28.3793
-1010
-1010.02
-1009.9
-10.253
-0.183793
-10
-10.0002
-9.99898
-9
-8.74703
-0.183793
-8.74705
-0.183964
-9.99999
cur fi1 10	new 10 + -9 == 1
STEP == 1
TIME STEP == 0
1		0		0		0		0		-100		0		0		0		0		0		0		0		0		0		0		

0		1		0		0		0		0		-100		0		0		0		0		0		0		0		0		0		

0		0		1		0		0		0		0		-100		0		0		0		0		0		0		0		0		

0		0		0		1		0		0		0		0		-100		0		0		0		0		0		0		0		

0		0		0		0		1		0		0		0		0		-100		0		0		0		0		0		0		

0		0		0		0		0		1		0		0		0		0		-1		1		0		0		0		0		

0		0		0		0		0		0		1		0		0		0		0		0		-1		0		0		0		

0		0		0		0		0		0		0		1		0		0		0		1		0		-1		0		0		

0		0		0		0		0		0		0		0		1		0		0		0		1		0		-1		0		

0		0		0		0		0.000253		0		0		0		0		0		-1		1		0		0		0		0		

1e-06		0		0		0		0		0		0		0		0		1		0		0		0		0		0		1		

-1e-06		0		-2e-12		0		0		0		0		0		0		-1		0		0.0869935		0		-0.05		-1e-06		0		

0		1e-06		0		-2e-12		0		0		0		0		0		0		0		0		0.302455		0		-0.05		0		

0		0		2e-12		0		0		0		0		0		0		0		0		-0.05		0		0.0130085		0		0		

0		0		0		2e-12		0		0		0		0		0		0		0		-1e-06		-0.05		0		-0.202453		0		

0		0		0		0		0		0		0		0		0		0		1		0		0		0		0		0		

-0
4.61853e-14
-0
-0
-0
4.88143e-12
3.45857e-12
2.53385e-07
7.87615e-09
1.60982e-15
1.94354e-15
0.00102504
-6.54785e-15
9.267e-16
-2.50124e-11
1.92298e-10
